avg_reward=-66985.89000000007
avg_switches=2880.0
avg_queue=66985.8359375
