avg_reward=-67715.13000000005
avg_switches=960.0
avg_queue=67619.109375
