avg_reward=-71597.00000000006
avg_switches=220.0
avg_queue=71596.953125
